27 ESC 111
112 F1 131
113 F2 132
114 F3 133
115 F4 134
116 F5 135
117 F6 136
118 F7 137
119 F8 138
120 F9 139
121 F10 140
122 F11 141
123 F12 142
192 ' 75
49 1 8
50 2 9
51 3 10
52 4 11
53 5 12
54 6 13
55 7 14
56 8 15
57 9 16
48 0 7
189 - 69
187 = 70
8 BACKSPACE 67
81 q 45
87 w 51
69 e 33
82 r 46
84 t 48
89 y 53
85 u 49
73 i 37
79 o 43
80 p 44
219 ´ 0
221 [ 71
13 ENTER 66
20 CAPS_LOCK 115
65 a 29
83 s 47
68 d 32
70 f 34
71 g 35
72 h 36
74 j 38
75 k 39
76 l 40
186 ç 0
222 ~ 0
220 ] 72
16 SHIFT 59
226 \ 73
90 z 54
88 x 52
67 c 31
86 v 50
66 b 30
78 n 42
77 m 41
188 , 55
190 . 56
191 ; 74
193 / 76
111 NUMPAD_/ 154
106 NUMPAD_* 155
109 NUMPAD_- 156
107 NUMPAD_+ 157
194 NUMPAD_. 158
110 NUMPAD_, 159
45 INSERT 124
46 DELETE 112
33 PAGE_UP 92
34 PAGE_DOWN 93
44 PRINTSCREEN 120
36 HOME 122
35 END 123
17 CTRL 113
91 WINDOWS 3
18 ALT 57
32 SPACE 62
38 UP 19
37 LEFT 21
40 DOWN 20
39 RIGHT 22
96 NUMPAD_0 144
97 NUMPAD_1 145
98 NUMPAD_2 146
99 NUMPAD_3 147
100 NUMPAD_4 148
101 NUMPAD_5 149
102 NUMPAD_6 150
103 NUMPAD_7 151
104 NUMPAD_8 152
105 NUMPAD_9 153