333 900 500 
1 323 181 
2 16 342 489 74 0 0
3 188 8 371 4 401 341 679 
3 188 8 607 4 401 644 679 
2 166 44 489 -17 0 0
2 224 34 720 -18 0 0
2 224 34 258 -18 0 0
2 258 44 489 211 0 0
2 14 248 343 170 0 0
2 24 266 22 165 0 0
2 14 340 297 272 0 0
2 320 28 13 337 0 0
2 54 40 363 238 0 0
2 42 338 342 361 0 0
2 16 16 335 257 0 0
2 16 16 319 257 0 0
2 16 16 335 241 0 0
2 16 16 303 257 0 0
2 16 16 335 225 0 0
2 16 16 319 241 0 0
2 16 16 391 257 0 0
2 16 16 407 257 0 0
2 16 16 391 241 0 0
2 16 16 165 348 0 0
2 16 16 149 348 0 0
2 16 16 133 348 0 0
2 16 16 117 348 0 0
2 16 16 101 348 0 0
2 16 16 85 348 0 0
2 16 16 35 430 0 0
2 16 16 51 430 0 0
2 16 16 67 430 0 0
2 16 16 83 430 0 0
2 16 16 99 430 0 0
2 16 16 115 430 0 0
2 16 16 115 414 0 0
2 16 16 131 430 0 0
2 16 16 147 430 0 0
2 16 16 163 430 0 0
2 16 16 131 414 0 0
2 16 16 35 377 0 0
2 16 16 35 284 0 0
2 16 16 51 284 0 0
2 16 16 163 257 0 0
2 16 16 179 257 0 0
2 16 16 195 257 0 0
2 16 16 211 257 0 0
2 16 16 179 430 0 0
2 16 230 302 430 0 0
2 16 16 425 430 0 0
2 16 16 441 430 0 0
2 16 16 457 430 0 0
2 16 16 473 430 0 0
2 16 16 489 430 0 0
2 16 16 505 430 0 0
2 16 16 521 430 0 0
2 16 16 537 430 0 0
2 16 16 553 430 0 0
2 16 16 569 430 0 0
2 16 16 585 430 0 0
2 16 16 601 430 0 0
2 16 16 601 414 0 0
2 16 16 601 398 0 0
2 16 16 601 382 0 0
2 16 16 601 366 0 0
2 16 16 601 350 0 0
2 16 16 585 414 0 0
2 16 16 569 414 0 0
2 16 16 585 398 0 0
2 96 148 683 390 0 0
2 16 16 765 350 0 0
2 16 16 765 366 0 0
2 16 16 765 382 0 0
2 16 16 765 398 0 0
2 16 16 765 414 0 0
2 16 16 765 430 0 0
2 16 16 781 398 0 0
2 16 16 781 414 0 0
2 16 16 781 430 0 0
2 16 16 797 414 0 0
2 16 16 797 430 0 0
2 16 16 813 430 0 0
2 16 16 829 430 0 0
2 16 16 845 430 0 0
2 16 16 861 430 0 0
2 16 16 877 430 0 0
2 16 16 893 430 0 0
2 38 204 839 75 0 0
2 40 286 98 74 0 0
3 30 168 882 330 403 25 408 
3 10 50 7 124 407 850 139 
2 10 64 187 198 1 0
2 10 24 298 118 1 0
