333 900 700 
1 323 181 
2 16 46 598 53 1 0
3 48 6 598 2 407 597 606 
2 16 16 637 5 0 0
2 16 16 637 21 0 0
2 16 16 637 37 0 0
2 16 16 637 53 0 0
2 16 16 637 69 0 0
2 16 16 637 85 0 0
2 16 16 559 5 0 0
2 16 16 559 21 0 0
2 16 16 559 37 0 0
2 16 16 559 53 0 0
2 16 16 559 69 0 0
2 16 16 559 85 0 0
2 28 162 597 153 0 0
2 320 28 889 115 0 0
2 96 6 872 43 0 0
2 96 6 872 139 0 0
2 96 6 872 235 0 0
2 96 6 872 331 0 0
2 320 28 889 435 0 0
2 166 28 889 678 0 0
2 96 6 872 427 0 0
2 96 6 872 523 0 0
2 158 784 483 702 0 0
2 16 16 861 7 0 0
2 16 16 861 23 0 0
2 16 16 861 39 0 0
2 16 16 861 55 0 0
2 16 16 861 71 0 0
2 16 16 861 87 0 0
2 16 16 861 103 0 0
2 16 16 861 119 0 0
2 16 16 861 135 0 0
2 16 16 861 151 0 0
2 16 16 861 167 0 0
2 16 16 861 183 0 0
2 16 16 861 199 0 0
2 16 16 861 215 0 0
2 16 16 861 231 0 0
2 16 16 861 247 0 0
2 16 16 861 263 0 0
2 16 16 861 279 0 0
2 16 16 861 295 0 0
2 16 16 861 311 0 0
2 16 16 861 327 0 0
2 16 16 861 343 0 0
2 16 16 861 359 0 0
2 16 16 861 375 0 0
2 16 16 861 391 0 0
2 16 16 861 407 0 0
2 16 16 861 423 0 0
2 16 16 861 439 0 0
2 16 16 861 455 0 0
2 16 16 861 471 0 0
2 16 16 861 487 0 0
2 16 16 861 503 0 0
2 16 16 861 519 0 0
2 16 16 861 535 0 0
2 16 16 861 551 0 0
2 16 16 861 567 0 0
2 16 16 861 583 0 0
2 16 16 861 599 0 0
2 16 16 861 615 0 0
2 16 16 845 615 0 0
2 16 16 845 599 0 0
2 16 16 845 583 0 0
2 16 16 829 615 0 0
2 16 16 829 599 0 0
2 16 16 813 615 0 0
2 16 16 797 615 0 0
2 16 16 829 583 0 0
2 16 16 845 567 0 0
2 16 16 813 599 0 0
2 16 16 781 615 0 0
2 16 16 797 599 0 0
2 16 16 813 583 0 0
2 16 16 829 567 0 0
2 16 16 845 551 0 0
2 16 16 765 615 0 0
2 16 16 781 599 0 0
2 16 16 749 615 0 0
2 16 16 797 583 0 0
2 16 16 813 567 0 0
2 46 16 559 116 0 0
2 172 182 607 253 0 0
2 160 150 16 703 0 0
