333 640 360 
1 323 181 
2 16 500 248 254 1 0
3 14 108 9 188 405 865 232 
2 26 564 281 109 0 0
2 16 308 652 254 0 0
2 342 32 627 75 0 0
2 26 48 587 109 0 0
2 16 16 506 238 0 0
2 16 16 522 238 0 0
2 16 16 490 238 0 0
2 16 16 474 238 0 0
2 16 16 458 238 0 0
2 16 16 538 238 0 0
2 16 16 205 130 0 0
2 16 16 571 130 0 0
2 16 16 587 130 0 0
2 16 16 603 130 0 0
2 16 16 603 178 0 0
2 16 16 603 194 0 0
2 16 16 205 146 0 0
2 16 16 205 162 0 0
2 16 16 603 88 0 0
2 16 16 587 88 0 0
2 16 16 571 88 0 0
2 16 16 522 270 0 0
2 16 16 538 270 0 0
2 16 16 506 270 0 0
2 16 16 490 270 0 0
2 16 16 474 270 0 0
2 16 16 458 270 0 0
2 16 16 205 88 0 0
2 16 16 301 72 0 0
2 16 16 317 72 0 0
2 16 16 333 72 0 0
2 16 16 381 72 0 0
2 16 16 365 72 0 0
2 16 16 429 72 0 0
2 16 16 413 72 0 0
2 16 16 477 72 0 0
2 16 16 461 72 0 0
2 16 16 525 72 0 0
2 16 16 509 72 0 0
2 16 16 541 72 0 0
2 16 16 301 56 0 0
2 16 16 317 56 0 0
2 16 16 333 56 0 0
2 16 16 365 56 0 0
2 16 16 381 56 0 0
2 16 16 413 56 0 0
2 16 16 429 56 0 0
2 16 16 461 56 0 0
2 16 16 477 56 0 0
2 16 16 509 56 0 0
2 16 16 525 56 0 0
2 16 16 541 56 0 0
2 16 16 205 178 0 0
2 16 16 205 194 0 0
2 16 16 221 178 0 0
2 16 16 237 162 0 0
2 16 16 189 178 0 0
2 16 16 173 162 0 0
2 16 16 205 72 0 0
2 16 16 205 56 0 0
