333 900 700 
1 323 181 
3 8 54 892 123 402 36 139 
2 24 266 782 165 0 0
2 40 286 757 74 0 0
2 320 28 889 337 0 0
2 16 16 641 161 0 0
2 16 16 625 161 0 0
2 16 16 609 161 0 0
2 16 16 593 161 0 0
2 16 16 577 161 0 0
2 16 16 561 161 0 0
2 16 16 545 161 0 0
2 16 16 606 86 0 0
2 16 16 590 86 0 0
2 16 16 574 86 0 0
2 16 16 558 86 0 0
2 16 16 542 86 0 0
2 16 16 529 161 0 0
2 16 16 513 161 0 0
2 16 16 526 86 0 0
2 16 16 510 86 0 0
2 16 16 497 161 0 0
2 16 16 606 46 0 0
2 16 16 590 46 0 0
2 16 16 574 46 0 0
2 16 16 606 30 0 0
2 16 16 590 30 0 0
2 16 16 574 30 0 0
2 16 16 574 14 0 0
2 16 16 590 14 0 0
2 16 16 606 14 0 0
2 16 16 558 14 0 0
2 16 16 542 14 0 0
2 16 16 526 14 0 0
2 16 16 510 14 0 0
2 24 266 356 165 0 0
2 346 22 9 171 0 0
2 20 426 233 0 0 0
2 16 16 494 14 0 0
2 16 16 478 14 0 0
2 16 16 478 30 0 0
2 16 16 478 46 0 0
2 16 16 478 62 0 0
2 16 16 478 78 0 0
2 16 16 494 78 0 0
2 10 82 61 185 0 0
2 10 82 61 175 0 0
2 10 82 61 195 0 0
2 10 82 61 205 0 0
2 10 82 61 215 0 0
2 10 82 61 225 0 0
2 18 170 105 239 0 0
2 18 214 127 335 0 0
2 8 48 214 281 1 0
2 56 6 311 205 0 0
2 56 6 317 205 0 0
2 56 6 323 205 0 0
2 16 16 300 185 0 0
2 16 16 300 201 0 0
2 16 16 300 217 0 0
2 16 16 284 185 0 0
2 16 16 284 201 0 0
2 16 16 284 217 0 0
2 26 258 363 331 0 0
2 34 404 673 455 0 0
2 320 28 889 657 0 0
2 110 14 748 383 0 0
2 14 94 802 335 0 0
2 8 48 516 376 1 0
2 16 290 181 446 0 0
2 346 22 9 611 0 0
2 16 16 28 446 0 0
2 16 16 463 446 0 0
2 16 16 334 446 0 0
2 16 16 447 446 0 0
2 16 322 182 556 0 0
2 8 48 366 501 1 0
2 82 34 360 589 0 0
2 10 174 464 625 0 0
2 10 174 732 625 0 0
2 82 34 836 589 0 0
2 16 16 861 556 0 0
2 16 16 861 572 0 0
2 16 16 861 588 0 0
2 16 16 861 604 0 0
2 16 16 861 620 0 0
2 16 16 861 636 0 0
2 16 16 861 652 0 0
2 16 16 861 668 0 0
2 16 16 861 684 0 0
2 96 6 872 596 0 0
2 96 6 872 692 0 0
2 8 48 598 624 1 0
2 16 16 637 628 0 0
2 16 16 559 628 0 0
2 16 16 61 540 0 0
2 16 16 61 524 0 0
2 16 16 61 508 0 0
2 16 16 77 540 0 0
2 16 16 93 540 0 0
2 16 16 77 524 0 0
2 16 16 93 524 0 0
2 16 16 77 508 0 0
2 16 16 93 508 0 0
2 16 16 559 644 0 0
2 16 16 637 644 0 0
2 16 16 559 660 0 0
2 16 16 637 660 0 0
2 16 16 559 676 0 0
2 16 16 637 676 0 0
2 16 16 861 700 0 0
2 16 16 637 692 0 0
2 16 16 559 692 0 0
3 16 84 8 391 408 850 424 
3 54 6 598 699 409 596 31 
