333 900 720 
1 323 181 
2 18 226 660 80 0 0
3 82 4 648 2 400 657 685 
2 44 362 870 0 0 0
2 36 584 315 4 0 0
2 282 18 891 163 0 0
2 70 14 780 106 0 0
2 16 16 795 101 0 0
2 16 16 811 117 0 0
2 16 16 795 117 0 0
2 16 16 827 133 0 0
2 16 16 795 133 0 0
2 16 16 811 133 0 0
2 16 16 702 201 0 0
2 16 16 721 201 0 0
2 16 16 740 201 0 0
2 16 16 759 201 0 0
2 16 16 778 201 0 0
2 22 318 723 293 0 0
2 8 96 627 214 0 0
2 162 28 550 223 0 0
2 122 86 493 203 0 0
2 8 50 410 146 0 0
2 8 50 330 146 0 0
2 84 32 270 184 0 0
2 318 28 9 159 0 0
2 18 186 116 235 0 0
2 6 54 182 169 1 0
2 32 412 205 334 0 0
2 32 190 545 334 0 0
2 16 16 795 149 0 0
2 16 16 795 165 0 0
2 16 124 316 234 0 0
2 46 102 691 327 0 0
2 16 16 419 480 0 0
2 16 16 439 480 0 0
2 16 16 459 480 0 0
2 16 16 519 480 0 0
2 16 16 539 480 0 0
2 16 16 559 480 0 0
2 122 136 635 427 0 0
2 38 244 825 469 0 0
2 122 136 343 427 0 0
2 38 244 489 600 0 0
2 10 50 638 620 1 0
2 10 50 340 660 1 0
2 10 50 340 620 1 0
2 10 50 638 660 1 0
2 224 34 258 600 0 0
2 224 34 720 600 0 0
2 38 314 118 469 0 0
2 16 16 575 358 0 0
2 16 16 403 358 0 0
2 166 44 489 702 0 0
3 188 10 371 707 402 378 20 
3 188 10 607 707 402 620 20 
2 14 44 489 528 1 0
2 16 16 122 434 0 0
2 8 8 415 420 1 0
2 8 8 415 380 1 0
2 8 8 415 340 1 0
