333 900 700 
1 323 181 
2 164 618 622 520 0 0
3 16 84 890 391 407 25 424 
2 346 22 891 172 0 0
2 18 214 773 336 0 0
2 378 68 26 417 0 0
2 16 16 181 290 0 0
2 378 68 26 39 0 0
2 16 16 181 133 0 0
2 16 16 872 319 0 0
2 16 16 856 319 0 0
2 16 16 840 319 0 0
2 16 16 824 319 0 0
2 16 16 808 319 0 0
2 16 16 792 319 0 0
2 16 16 776 319 0 0
2 16 16 760 319 0 0
2 16 16 744 319 0 0
2 16 16 728 319 0 0
2 16 16 712 319 0 0
2 16 16 696 319 0 0
2 16 16 680 319 0 0
2 16 16 664 319 0 0
2 16 16 648 319 0 0
2 128 72 24 670 0 0
2 140 482 554 672 0 0
2 18 120 855 691 0 0
2 80 20 890 642 0 0
2 16 16 872 303 0 0
2 16 16 856 303 0 0
2 16 16 840 303 0 0
2 16 16 824 303 0 0
2 16 16 808 303 0 0
2 16 16 792 303 0 0
2 16 16 776 303 0 0
2 16 16 824 287 0 0
2 16 16 840 287 0 0
2 16 16 856 287 0 0
2 16 16 840 271 0 0
2 16 16 856 271 0 0
2 16 16 808 287 0 0
2 16 16 696 303 0 0
2 16 16 696 287 0 0
2 16 16 680 303 0 0
2 16 16 712 303 0 0
2 16 16 728 303 0 0
2 16 16 728 287 0 0
2 16 16 728 271 0 0
2 16 16 728 255 0 0
2 16 16 760 303 0 0
2 16 242 187 446 1 0
3 250 8 187 697 410 0 0 
