333 900 500 
1 323 181 
2 16 16 8 430 0 0
2 16 16 24 430 0 0
2 16 16 40 430 0 0
2 16 16 56 430 0 0
2 16 16 72 430 0 0
2 16 16 88 430 0 0
2 32 308 250 422 0 0
2 16 16 104 309 0 0
2 16 16 124 309 0 0
2 16 16 144 309 0 0
2 16 32 172 309 0 0
2 16 32 208 309 0 0
2 16 32 244 309 0 0
2 16 16 272 309 0 0
2 16 16 292 309 0 0
2 16 16 312 309 0 0
3 14 128 7 344 402 845 408 
2 168 20 414 490 0 0
2 16 48 448 414 1 0
2 16 16 480 414 0 0
2 16 16 528 414 0 0
2 16 16 528 398 0 0
2 16 16 528 382 0 0
2 16 16 544 382 0 0
2 16 16 544 398 0 0
2 16 16 544 414 0 0
2 16 16 560 414 0 0
2 16 16 560 398 0 0
2 16 16 560 382 0 0
2 16 16 592 382 0 0
2 16 16 592 398 0 0
2 16 16 592 414 0 0
2 16 16 608 414 0 0
2 16 16 608 398 0 0
2 16 16 608 382 0 0
2 16 16 624 382 0 0
2 16 16 624 398 0 0
2 16 16 624 414 0 0
2 16 16 656 382 0 0
2 16 16 656 398 0 0
2 16 16 656 414 0 0
2 16 16 672 414 0 0
2 16 16 672 398 0 0
2 16 16 672 382 0 0
2 16 16 688 382 0 0
2 16 16 688 398 0 0
2 16 16 688 414 0 0
2 16 16 592 334 0 0
2 16 16 608 334 0 0
2 16 16 624 334 0 0
2 16 16 624 318 0 0
2 16 16 608 318 0 0
2 16 16 592 318 0 0
2 16 16 592 302 0 0
2 16 16 608 302 0 0
2 16 16 624 302 0 0
2 16 16 528 334 0 0
2 16 16 544 334 0 0
2 16 16 560 334 0 0
2 16 16 560 318 0 0
2 16 16 560 302 0 0
2 16 16 544 302 0 0
2 16 16 544 318 0 0
2 16 16 528 318 0 0
2 16 16 528 302 0 0
2 16 16 656 334 0 0
2 16 16 656 318 0 0
2 16 16 656 302 0 0
2 16 16 672 302 0 0
2 16 16 672 318 0 0
2 16 16 672 334 0 0
2 16 16 688 334 0 0
2 16 16 688 318 0 0
2 16 16 688 302 0 0
2 16 16 528 254 0 0
2 16 16 544 254 0 0
2 16 16 560 254 0 0
2 16 16 560 238 0 0
2 16 16 544 238 0 0
2 16 16 528 238 0 0
2 16 16 528 222 0 0
2 16 16 544 222 0 0
2 16 16 560 222 0 0
2 16 16 592 254 0 0
2 16 16 592 238 0 0
2 16 16 592 222 0 0
2 16 16 608 222 0 0
2 16 16 608 238 0 0
2 16 16 608 254 0 0
2 16 16 624 254 0 0
2 16 16 624 238 0 0
2 16 16 624 222 0 0
2 16 16 656 254 0 0
2 16 16 656 238 0 0
2 16 16 656 222 0 0
2 16 16 672 222 0 0
2 16 16 672 238 0 0
2 16 16 672 254 0 0
2 16 16 688 254 0 0
2 16 16 688 238 0 0
2 16 16 688 222 0 0
2 16 16 480 398 0 0
2 16 16 480 382 0 0
2 16 16 496 382 0 0
2 16 16 720 382 0 0
2 16 16 736 382 0 0
2 16 16 736 398 0 0
2 16 16 736 414 0 0
2 16 48 768 414 1 0
2 36 122 873 424 0 0
2 168 20 802 490 0 0
2 36 368 608 488 0 0
3 16 138 890 328 404 25 392 
