333 900 500 
1 323 181 
2 36 122 61 424 0 0
3 16 154 7 320 403 864 392 
2 36 578 411 424 0 0
2 284 42 788 264 0 0
2 16 248 824 434 0 0
2 16 16 891 398 0 0
2 16 16 891 382 0 0
2 16 16 891 366 0 0
2 16 16 891 350 0 0
2 16 16 891 334 0 0
2 16 16 817 398 0 0
2 16 16 817 382 0 0
2 16 16 891 414 0 0
2 16 16 817 366 0 0
2 16 16 817 350 0 0
2 16 16 817 334 0 0
2 16 16 833 382 0 0
2 16 16 875 334 0 0
2 16 16 817 318 0 0
2 16 16 817 302 0 0
2 16 16 891 318 0 0
2 16 16 891 302 0 0
2 16 164 891 254 1 0
2 16 16 817 286 0 0
2 16 16 817 270 0 0
2 16 16 891 286 0 0
2 16 16 891 270 0 0
2 16 16 833 286 0 0
2 26 196 865 109 0 0
3 12 120 894 184 405 25 232 
2 284 42 143 200 0 0
2 44 28 444 384 0 0
