333 900 720 
1 323 181 
2 14 128 456 106 0 0
2 42 606 89 21 0 0
2 42 506 773 21 0 0
3 130 16 456 6 0 322 322 
2 118 36 538 101 0 0
2 54 168 308 126 0 0
2 148 30 69 116 0 0
2 22 84 42 201 0 0
2 22 152 160 201 0 0
2 14 168 320 197 0 0
2 16 200 480 212 0 0
2 240 64 665 162 0 0
2 38 220 587 340 0 0
2 34 212 803 265 0 0
2 6 40 594 148 1 0
2 6 40 594 96 1 0
2 6 72 155 126 1 0
2 8 64 589 278 1 0
2 124 30 782 344 0 0
2 24 136 835 418 0 0
2 50 608 304 384 0 0
2 146 30 15 286 0 0
2 32 212 793 638 0 0
2 32 290 542 622 0 0
2 192 32 883 526 0 0
2 244 42 21 531 0 0
2 16 16 105 575 0 0
2 46 240 120 676 0 0
2 16 16 124 575 0 0
2 16 16 143 575 0 0
2 16 16 162 575 0 0
2 16 16 181 575 0 0
2 16 16 105 556 0 0
2 16 16 105 537 0 0
2 16 16 105 519 0 0
2 16 16 105 501 0 0
2 16 16 124 556 0 0
2 16 16 124 537 0 0
2 16 16 124 519 0 0
2 16 16 143 556 0 0
2 16 16 124 501 0 0
2 16 16 248 443 0 0
2 16 16 268 443 0 0
2 16 16 288 443 0 0
2 16 16 308 443 0 0
2 16 16 328 443 0 0
2 16 16 348 443 0 0
2 16 16 368 443 0 0
2 16 16 388 443 0 0
2 16 366 423 707 0 0
2 16 104 757 707 0 0
2 104 138 878 706 0 0
3 104 6 656 718 401 642 28 
2 6 80 656 702 1 0
4 730 318 6 6 3 
2 8 50 731 325 0 1
4 730 603 6 6 0 
